40523106
40523147
40523203
40623153
40623155
40623156
40623157
40723113
40823101
40823102
40823103
40823104
40823105
40823106
40823107
40823108
40823109
40823110
40823111
40823112
40823113
40823114
40823115
40823116
40823117
40823118
40823119
40823120
40823121
40823122
40823123
40823124
40823125
40823126
40823127
40823128
40823129
40823130
40823131
40823132
40823133
40823134
40823135
40823136
40823137
40823138
40823139
40823140
40823141
40823142
40823143
40823144
40823145
40823146
40823147
40823148
40823149
40823150
40823151